0 0 5 2019-01-01
0 1 3 2019-01-01
0 2 3 2019-01-01
0 3 4 2019-01-01
0 4 5 2019-01-01
0 5 4 2019-01-01
0 6 2 2019-01-01
0 7 1 2019-01-01
0 8 5 2019-01-01
0 9 4 2019-01-01
0 10 2 2019-01-01
0 11 5 2019-01-01
0 12 3 2019-01-01
0 13 4 2019-01-01
0 14 5 2019-01-01
0 15 4 2019-01-01
0 16 2 2019-01-01
0 17 1 2019-01-01
0 18 5 2019-01-01
0 19 4 2019-01-01
0 20 2 2019-01-01

1 0 2 2019-01-02
1 1 3 2019-01-02
1 2 5 2019-01-02
1 3 4 2019-01-02
1 4 5 2019-01-02
1 5 3 2019-01-02
1 6 2 2019-01-02
1 7 1 2019-01-02
1 8 2 2019-01-02
1 9 3 2019-01-02
1 10 5 2019-01-02
1 11 2 2019-01-02
1 12 4 2019-01-02
1 13 2 2019-01-02
1 14 4 2019-01-02
1 15 5 2019-01-02
1 16 5 2019-01-02
1 17 5 2019-01-02
1 18 2 2019-01-02
1 19 2 2019-01-02
1 20 2 2019-01-02

3 0 5 2019-01-03
3 1 3 2019-01-03
3 2 3 2019-01-03
3 3 4 2019-01-03
3 4 5 2019-01-03
3 5 4 2019-01-03
3 6 2 2019-01-03
3 7 1 2019-01-03
3 8 5 2019-01-03
3 9 4 2019-01-03
3 10 2 2019-01-03
3 11 5 2019-01-03
3 12 3 2019-01-03
3 13 4 2019-01-03
3 14 5 2019-01-03
3 15 4 2019-01-03
3 16 2 2019-01-03
3 17 1 2019-01-03
3 18 5 2019-01-03
3 19 4 2019-01-03
3 20 2 2019-01-03

4 0 2 2019-01-03
4 1 2 2019-01-03
4 2 2 2019-01-03
4 3 2 2019-01-03
4 4 2 2019-01-03
4 5 2 2019-01-03
4 6 2 2019-01-03
4 7 2 2019-01-03
4 8 5 2019-01-03
4 9 2 2019-01-03
4 10 2 2019-01-03
4 11 2 2019-01-03
4 12 2 2019-01-03
4 13 2 2019-01-03
4 14 4 2019-01-03
4 15 2 2019-01-03
4 16 2 2019-01-03
4 17 2 2019-01-03
4 18 5 2019-01-03
4 19 4 2019-01-03
4 20 4 2019-01-03